[[50  0  0  0  0  0  0  0  0  0  0  0  0  0  0  0  0  0  0  0  0]
 [ 0 50  0  0  0  0  0  0  0  0  0  0  0  0  0  0  0  0  0  0  0]
 [ 0  0 47  0  0  0  0  0  0  3  0  0  0  0  0  0  0  0  0  0  0]
 [ 0  0  0 50  0  0  0  0  0  0  0  0  0  0  0  0  0  0  0  0  0]
 [ 0  0  0  0 49  0  0  0  0  0  0  0  0  0  0  0  0  0  0  1  0]
 [ 0  0  0  0  0 50  0  0  0  0  0  0  0  0  0  0  0  0  0  0  0]
 [ 0  0  0  0  0  0 40  0  0  0  0  0 10  0  0  0  0  0  0  0  0]
 [ 0  0  0  0  0  0  0 48  0  1  0  0  0  0  0  0  0  0  1  0  0]
 [ 0  0  0  0  1  0  0  0 48  0  0  1  0  0  0  0  0  0  0  0  0]
 [ 0  0  0  0  0  0  0  0  0 50  0  0  0  0  0  0  0  0  0  0  0]
 [ 0  0  0  0  0  0  0  0  0  0 50  0  0  0  0  0  0  0  0  0  0]
 [ 0  0  0  0  1  0  0  0  0  0  0 47  1  0  1  0  0  0  0  0  0]
 [ 0  0  0  0  0  0  5  0  0  0  0  0 44  0  0  0  0  0  1  0  0]
 [ 0  0  0  0  0  0  2  0  0  0  0  0  5 42  0  1  0  0  0  0  0]
 [ 0  0  0  0  0  0  0  0  6  0  0  4  0  0 40  0  0  0  0  0  0]
 [ 0  0  0  0  0  0  0  0  0  0  0  0  0  0  0 50  0  0  0  0  0]
 [ 0  0  0  0  0  0  0  1  0  3  0  0  0  0  0  0 46  0  0  0  0]
 [ 0  0  0  0  0  0  0  0  0  0  0  0  0  0  0  0  0 50  0  0  0]
 [ 0  0  0  0  1  0  0  0  0  0  0  0  1  0  0  0  0  0 48  0  0]
 [ 0  0  0  0  2  0  0  0  0  1  0  0  0  0  0  0  0  0  1 46  0]
 [ 0  0  0  0  0  0  0  0  0  0  0  1  3  0  0  0  0  0  1  0 45]]
94.28571428571429
0
[[50  0  0  0  0  0  0  0  0  0  0  0  0  0  0  0  0  0  0  0  0]
 [ 0 50  0  0  0  0  0  0  0  0  0  0  0  0  0  0  0  0  0  0  0]
 [ 0  0 50  0  0  0  0  0  0  0  0  0  0  0  0  0  0  0  0  0  0]
 [ 0  0  0 50  0  0  0  0  0  0  0  0  0  0  0  0  0  0  0  0  0]
 [ 0  0  0  0 46  0  2  0  0  0  0  0  0  0  0  0  0  0  1  1  0]
 [ 0  0  0  0  0 50  0  0  0  0  0  0  0  0  0  0  0  0  0  0  0]
 [ 0  0  0  0  0  0 41  0  0  0  0  0  4  5  0  0  0  0  0  0  0]
 [ 0  0  0  0  0  0  0 48  0  0  0  0  0  0  0  0  1  0  1  0  0]
 [ 0  0  0  0  0  0  0  0 48  0  0  0  0  0  2  0  0  0  0  0  0]
 [ 0  0  0  0  0  0  0  0  0 50  0  0  0  0  0  0  0  0  0  0  0]
 [ 0  0  0  0  0  0  0  0  0  0 50  0  0  0  0  0  0  0  0  0  0]
 [ 0  0  0  0  0  0  0  0  0  0  0 48  1  0  1  0  0  0  0  0  0]
 [ 0  0  0  0  0  0  7  0  0  0  0  0 41  0  0  0  0  0  2  0  0]
 [ 0  0  0  0  0  0  0  0  0  0  0  0  0 49  0  1  0  0  0  0  0]
 [ 0  0  0  0  0  0  0  0  0  0  0  1  0  0 49  0  0  0  0  0  0]
 [ 0  0  0  0  0  0  0  0  0  0  0  0  0  0  0 50  0  0  0  0  0]
 [ 0  0  0  0  0  0  0  1  0  1  0  0  0  0  0  0 48  0  0  0  0]
 [ 0  0  0  0  0  0  0  0  0  0  0  0  0  0  0  0  0 50  0  0  0]
 [ 0  0  0  0  0  0  0  0  0  0  0  0  0  0  0  0  0  0 50  0  0]
 [ 0  0  0  0  1  0  0  0  0  1  0  0  0  0  0  0  0  0  1 47  0]
 [ 0  0  0  0  0  0  0  0  0  0  0  1  3  0  0  0  0  0  1  0 45]]
96.19047619047619
1
[[48  0  0  0  0  2  0  0  0  0  0  0  0  0  0  0  0  0  0  0  0]
 [ 0 50  0  0  0  0  0  0  0  0  0  0  0  0  0  0  0  0  0  0  0]
 [ 0  0 45  0  0  0  0  0  0  5  0  0  0  0  0  0  0  0  0  0  0]
 [ 0  0  0 44  0  0  0  0  0  6  0  0  0  0  0  0  0  0  0  0  0]
 [ 0  0  0  0 26  0  3  0  0  0  0  7 12  0  0  0  0  0  1  1  0]
 [ 0  0  0  0  0 50  0  0  0  0  0  0  0  0  0  0  0  0  0  0  0]
 [ 0  0  0  0  0  0  9  0  0  0  0  1 39  1  0  0  0  0  0  0  0]
 [ 0  0  0  0  0 33  0 16  0  0  0  0  0  0  0  0  1  0  0  0  0]
 [ 0  0  0  0  0  0  0  0 48  0  0  0  0  0  1  0  0  1  0  0  0]
 [ 0  0  0  0  0  0  0  0  0 50  0  0  0  0  0  0  0  0  0  0  0]
 [ 0  0  0  0  0  0  0  0  0  0 47  0  0  1  0  2  0  0  0  0  0]
 [ 0  0  0  0  0  0  0  0  0  0  0 49  0  0  1  0  0  0  0  0  0]
 [ 0  0  0  0  0  0  0  0  0  0  0  0 50  0  0  0  0  0  0  0  0]
 [ 0  0  0  0  0  0  0  0  0  0  0  0  8 42  0  0  0  0  0  0  0]
 [ 0  1  0  0  0  0  0  0  6  1  0  3  0  0 39  0  0  0  0  0  0]
 [ 0  0  0  0  0  0  0  0  0  0  0  0  0  0  0 50  0  0  0  0  0]
 [ 0  0  0  0  0  0  0  0  3  7  0  0  0  0  0  0 40  0  0  0  0]
 [ 0  0  0  0  0  0  0  0  0  0  0  0  0  0  0  0  0 50  0  0  0]
 [ 0  0  0  0  0  0  0  0  0  1  0  0  2  0  0  0  0  0 47  0  0]
 [ 0  0  0  0  0  0  0  0  0  0  0  4  0  0  0  0  0  0  0 46  0]
 [ 0  0  0  0  0  0  0  0  0  0  0  0  0  0  0  0  0  0  0  0 50]]
85.33333333333333
0
[[50  0  0  0  0  0  0  0  0  0  0  0  0  0  0  0  0  0  0  0  0]
 [ 0 49  0  1  0  0  0  0  0  0  0  0  0  0  0  0  0  0  0  0  0]
 [ 0  0 45  0  0  0  0  0  0  5  0  0  0  0  0  0  0  0  0  0  0]
 [ 0  0  0 50  0  0  0  0  0  0  0  0  0  0  0  0  0  0  0  0  0]
 [ 0  0  0  0 41  0  0  0  0  0  0  2  1  1  0  0  0  1  0  4  0]
 [ 0  0  0  1  0 49  0  0  0  0  0  0  0  0  0  0  0  0  0  0  0]
 [ 0  0  0  0  9  0 17  0  1  0  0  2 13  6  0  0  1  0  0  1  0]
 [ 0  0  0  0  0  0  0 48  0  1  0  0  0  0  0  0  1  0  0  0  0]
 [ 0  0  0  0  0  0  0  0 50  0  0  0  0  0  0  0  0  0  0  0  0]
 [ 0  0  0  1  0  0  0  0  0 49  0  0  0  0  0  0  0  0  0  0  0]
 [ 0  0  0  0  0  0  0  0  0  0 50  0  0  0  0  0  0  0  0  0  0]
 [ 0  0  0  0  0  0  0  0  0  0  0 49  0  0  1  0  0  0  0  0  0]
 [ 0  0  0  0  0  0  0  0  0  0  0  0 45  4  0  0  0  0  1  0  0]
 [ 0  0  0  0  0  0  0  0  0  0  2  0  0 48  0  0  0  0  0  0  0]
 [ 0  0  0  0  0  0  0  0  0  0  0  0  0  0 50  0  0  0  0  0  0]
 [ 0  0  0  1  0  0  0  0  0  0  0  1  0  0  0 48  0  0  0  0  0]
 [ 0  0  0  2  0  0  0  0  1  0  0  0  0  0  0  0 47  0  0  0  0]
 [ 0  0  0  0  0  0  0  0  3  0  0  0  0  0  2  0  0 45  0  0  0]
 [ 0  2  0  3  0  0  0  0  0  5  0  0  1  0  0  0  0  0 37  2  0]
 [ 0  0  0  0  0  0  0  0  0  0  0  1  0  0  0  0  0  0  0 49  0]
 [ 0  0  0  0  3  0  0  0  1  0  0  0  1  0  0  0  0  0  1  0 44]]
91.42857142857143
1
[[50  0  0  0  0  0  0  0  0  0  0  0  0  0  0  0  0  0  0  0  0]
 [ 0 48  0  1  0  0  0  0  0  0  0  0  0  0  0  0  0  1  0  0  0]
 [ 0  0 49  0  0  0  0  0  0  0  0  0  0  0  0  0  0  0  1  0  0]
 [ 0  0  0 48  0  0  0  0  0  0  0  0  0  0  0  0  2  0  0  0  0]
 [ 0  0  0  0 28  0  5  0  0  0  0  3  8  1  0  0  0  1  0  4  0]
 [ 0  0  0  0  0 50  0  0  0  0  0  0  0  0  0  0  0  0  0  0  0]
 [ 0  0  0  0  1  0 26  0  0  0  0  1 18  4  0  0  0  0  0  0  0]
 [ 0  0  0  0  0  0  0 50  0  0  0  0  0  0  0  0  0  0  0  0  0]
 [ 0  0  0  0  0  0  0  0 50  0  0  0  0  0  0  0  0  0  0  0  0]
 [ 0  0  1  0  0  0  0  0  0 49  0  0  0  0  0  0  0  0  0  0  0]
 [ 0  0  0  0  0  0  0  0  0  0 50  0  0  0  0  0  0  0  0  0  0]
 [ 0  0  0  0  0  0  0  0  1  0  0 48  1  0  0  0  0  0  0  0  0]
 [ 0  0  0  0  0  0  0  0  0  0  0  0 45  5  0  0  0  0  0  0  0]
 [ 0  0  0  0  0  0  0  0  0  0  0  0  0 50  0  0  0  0  0  0  0]
 [ 0  0  0  0  0  0  0  0 31  0  0  7  0  0 12  0  0  0  0  0  0]
 [ 0  0  0  0  0  0  0  0  0  0  0  1  0  0  0 49  0  0  0  0  0]
 [ 0  0  0  0  0  0  0  1  3  0  0  0  0  0  0  0 46  0  0  0  0]
 [ 0  0  0  0  0  0  0  0  0  0  0  0  0  0  0  0  0 50  0  0  0]
 [ 0  0  1  0  0  0  0  0  0  0  0  0  0  1  0  0  0  0 46  2  0]
 [ 0  0  0  0  0  0  0  0  0  0  0  3  0  0  0  0  0  0  0 47  0]
 [ 0  0  0  0  0  0  0  0  0  0  0  0  1  0  0  0  0  0  0  0 49]]
89.52380952380952
2
[[49  0  0  0  0  1  0  0  0  0  0  0  0  0  0  0  0  0  0  0  0]
 [ 0 46  0  0  0  0  0  0  2  0  1  0  0  0  0  0  0  0  0  1  0]
 [ 0  0 36  0  0  0  0  0  0  0  0  1  0  0  0  0  0  0  1 12  0]
 [ 0  0  0 50  0  0  0  0  0  0  0  0  0  0  0  0  0  0  0  0  0]
 [ 0  0  0  0 35  0  9  0  0  0  4  0  0  1  0  0  0  0  0  1  0]
 [ 0  0  0  0  0 50  0  0  0  0  0  0  0  0  0  0  0  0  0  0  0]
 [ 0  0  0  0  0  0 46  0  0  0  3  0  0  0  0  0  0  0  0  0  1]
 [ 0  0  0  0  0  0  0 50  0  0  0  0  0  0  0  0  0  0  0  0  0]
 [ 0  0  0  0  0  0  0  0 50  0  0  0  0  0  0  0  0  0  0  0  0]
 [ 0  0  0  0  0  0  0  0  0 47  0  0  0  0  0  0  2  0  0  1  0]
 [ 0  0  0  0  0  0  0  0  0  0 50  0  0  0  0  0  0  0  0  0  0]
 [ 0  0  0  0  1  0  0  0  0  0  0 39  0  4  1  1  0  0  0  3  1]
 [ 0  0  0  0  0  0 20  0  0  0  0  0 19  7  0  0  0  0  3  0  1]
 [ 0  0  0  0  0  0  1  0  0  0  0  0  0 49  0  0  0  0  0  0  0]
 [ 0  0  0  0  0  0  0  0  1  0  1  0  0  0 48  0  0  0  0  0  0]
 [ 0  0  0  0  0  0  0  0  1  0  0  0  0  0  0 48  0  0  0  0  1]
 [ 0  0  0  0  0  0  0  0  0  0  2  0  0  0  1  0 47  0  0  0  0]
 [ 0  0  0  0  0  0  0  0  6  0  0  0  0  0  0  0  0 42  0  1  1]
 [ 0  0  0  0  0  0  0  0  0  0  0  0  0  0  0  0  0  0 50  0  0]
 [ 0  0  0  0  0  0  0  0  2  0  0  0  0  0  0  0  0  0  0 48  0]
 [ 0  0  0  0  0  0  0  0  0  0  0  0  0  0  0  0  0  0  0  0 50]]
90.38095238095238
3
[[50  0  0  0  0  0  0  0  0  0  0  0  0  0  0  0  0  0  0  0  0]
 [ 0 48  0  0  1  0  0  0  1  0  0  0  0  0  0  0  0  0  0  0  0]
 [ 0  0 33  0  0  0  0  0  0  4  0  0  0  0  0  0  0  0  3 10  0]
 [ 0  0  0 49  0  0  0  0  0  0  0  0  0  0  0  0  1  0  0  0  0]
 [ 0  0  0  0 42  0  8  0  0  0  0  0  0  0  0  0  0  0  0  0  0]
 [ 0  0  0  0  0 50  0  0  0  0  0  0  0  0  0  0  0  0  0  0  0]
 [ 0  0  0  0  0  0 48  0  0  0  0  1  1  0  0  0  0  0  0  0  0]
 [ 0  0  0  0  0  0  0 50  0  0  0  0  0  0  0  0  0  0  0  0  0]
 [ 0  0  0  0  0  0  0  0 50  0  0  0  0  0  0  0  0  0  0  0  0]
 [ 0  0  0  0  0  0  0  0  0 49  0  0  0  0  0  0  0  0  1  0  0]
 [ 0  0  0  0  0  0  0  0  0  0 50  0  0  0  0  0  0  0  0  0  0]
 [ 0  0  0  0  0  0  0  0  0  0  0 48  0  0  2  0  0  0  0  0  0]
 [ 0  0  0  0  0  0 12  0  0  0  0  0 36  0  0  0  0  0  2  0  0]
 [ 0  0  0  0  1  0 45  0  0  0  0  1  0  1  1  0  0  0  1  0  0]
 [ 0  0  0  0  0  0  0  0  0  0  0  0  0  0 50  0  0  0  0  0  0]
 [ 0  0  0  0  3  0  0  0  0  0  0  0  0  0  0 47  0  0  0  0  0]
 [ 0  0  0  0  0  0  0  0  0  0  0  0  0  0  0  0 49  0  0  1  0]
 [ 0  0  0  0  0  0  0  0  3  0  0  0  0  0  0  0  0 47  0  0  0]
 [ 0  0  0  0  0  0  0  0  0  0  0  0  1  0  0  0  0  0 49  0  0]
 [ 0  0  0  0  2  0  0  0  2  0  0  1  0  0  0  0  0  0  2 43  0]
 [ 0  0  0  0  0  0  0  0  1  0  0  1  0  0  0  0  0  0  1  0 47]]
89.14285714285714
4
[[50  0  0  0  0  0  0  0  0  0  0  0  0  0  0  0  0  0  0  0  0]
 [ 0 50  0  0  0  0  0  0  0  0  0  0  0  0  0  0  0  0  0  0  0]
 [ 0  0 48  0  0  0  0  0  0  1  0  0  0  0  0  0  0  0  1  0  0]
 [ 0  0  0 50  0  0  0  0  0  0  0  0  0  0  0  0  0  0  0  0  0]
 [ 0  0  0  0 36  0  2  0  0  0  0  2  5  3  0  0  0  0  0  2  0]
 [ 0  0  0  0  0 50  0  0  0  0  0  0  0  0  0  0  0  0  0  0  0]
 [ 0  0  0  0  0  0 31  0  0  0  0  1 13  5  0  0  0  0  0  0  0]
 [ 0  0  0  0  0  0  0 50  0  0  0  0  0  0  0  0  0  0  0  0  0]
 [ 0  0  0  0  0  0  0  0 49  0  0  1  0  0  0  0  0  0  0  0  0]
 [ 0  0  0  0  0  0  0  0  0 49  0  0  0  0  0  0  0  0  1  0  0]
 [ 0  0  0  0  0  0  0  0  0  0 50  0  0  0  0  0  0  0  0  0  0]
 [ 0  0  0  0  0  0  0  0  0  0  0 49  0  0  1  0  0  0  0  0  0]
 [ 0  0  0  0  0  0  0  0  0  0  0  0 47  3  0  0  0  0  0  0  0]
 [ 0  0  0  0  0  0  0  0  0  0  0  0  0 50  0  0  0  0  0  0  0]
 [ 0  0  0  0  0  0  0  0  4  0  0  0  0  0 46  0  0  0  0  0  0]
 [ 0  0  0  0  0  0  0  0  0  0  0  0  0  0  0 50  0  0  0  0  0]
 [ 0  0  0  1  0  0  0  0  0  0  0  0  0  0  1  0 46  2  0  0  0]
 [ 0  0  0  0  0  0  0  0  0  0  0  0  0  0  0  0  0 50  0  0  0]
 [ 0  0  0  0  0  0  0  0  0  0  0  0  1  0  0  0  0  0 49  0  0]
 [ 0  0  0  0  0  0  0  0  0  0  0  1  1  0  0  0  0  0  2 46  0]
 [ 0  0  0  0  0  0  0  0  0  0  0  0  1  1  0  0  0  0  0  0 48]]
94.66666666666667
5
[[50  0  0  0  0  0  0  0  0  0  0  0  0  0  0  0  0  0  0  0  0]
 [ 0 50  0  0  0  0  0  0  0  0  0  0  0  0  0  0  0  0  0  0  0]
 [ 0  0 48  0  0  0  0  0  0  1  0  0  0  0  0  0  0  0  1  0  0]
 [ 0  0  0 50  0  0  0  0  0  0  0  0  0  0  0  0  0  0  0  0  0]
 [ 0  0  0  0 38  0  5  0  0  0  0  1  2  2  0  0  0  0  0  2  0]
 [ 0  0  0  0  0 50  0  0  0  0  0  0  0  0  0  0  0  0  0  0  0]
 [ 0  0  0  0  2  0 43  0  0  0  0  1  2  2  0  0  0  0  0  0  0]
 [ 0  0  0  0  0  0  0 50  0  0  0  0  0  0  0  0  0  0  0  0  0]
 [ 0  0  0  0  0  0  0  0 49  0  0  1  0  0  0  0  0  0  0  0  0]
 [ 0  0  0  0  0  0  0  0  0 49  0  0  0  0  0  0  0  0  1  0  0]
 [ 0  0  0  0  0  0  0  0  0  0 50  0  0  0  0  0  0  0  0  0  0]
 [ 0  0  0  0  0  0  0  0  0  0  0 49  0  0  1  0  0  0  0  0  0]
 [ 0  0  0  0  0  0  3  0  0  0  0  0 44  2  0  0  0  0  1  0  0]
 [ 0  0  0  0  0  0  0  0  0  0  0  0  0 50  0  0  0  0  0  0  0]
 [ 0  0  0  0  0  0  0  0  1  0  0  0  0  0 49  0  0  0  0  0  0]
 [ 0  0  0  0  0  0  0  0  0  0  0  0  0  0  0 50  0  0  0  0  0]
 [ 0  0  0  1  0  0  0  0  0  0  0  0  0  0  1  0 46  2  0  0  0]
 [ 0  0  0  0  0  0  0  0  0  0  0  0  0  0  0  0  0 50  0  0  0]
 [ 0  0  0  0  0  0  0  0  0  0  0  0  1  0  0  0  0  0 49  0  0]
 [ 0  0  0  0  0  0  0  0  0  0  0  2  0  0  0  0  0  0  1 47  0]
 [ 0  0  0  0  0  0  0  0  0  0  0  1  0  0  0  0  0  0  0  0 49]]
96.19047619047619
6
[[50  0  0  0  0  0  0  0  0  0  0  0  0  0  0  0  0  0  0  0  0]
 [ 0 50  0  0  0  0  0  0  0  0  0  0  0  0  0  0  0  0  0  0  0]
 [ 0  0 48  0  0  0  0  0  0  1  0  0  0  0  0  0  0  0  1  0  0]
 [ 0  0  0 50  0  0  0  0  0  0  0  0  0  0  0  0  0  0  0  0  0]
 [ 0  0  0  0 42  0  3  0  0  0  0  0  2  1  0  0  0  0  0  2  0]
 [ 0  0  0  0  0 50  0  0  0  0  0  0  0  0  0  0  0  0  0  0  0]
 [ 0  0  0  0  2  0 43  0  0  0  0  1  2  2  0  0  0  0  0  0  0]
 [ 0  0  0  0  0  0  0 50  0  0  0  0  0  0  0  0  0  0  0  0  0]
 [ 0  0  0  0  0  0  0  0 50  0  0  0  0  0  0  0  0  0  0  0  0]
 [ 0  0  0  0  0  0  0  0  0 49  0  0  0  0  0  0  0  0  1  0  0]
 [ 0  0  0  0  0  0  0  0  0  0 50  0  0  0  0  0  0  0  0  0  0]
 [ 0  0  0  0  0  0  0  0  0  0  0 49  0  0  1  0  0  0  0  0  0]
 [ 0  0  0  0  0  0  3  0  0  0  0  0 44  2  0  0  0  0  1  0  0]
 [ 0  0  0  0  0  0  0  0  0  0  0  0  0 50  0  0  0  0  0  0  0]
 [ 0  0  0  0  0  0  0  0  1  0  0  0  0  0 49  0  0  0  0  0  0]
 [ 0  0  0  0  0  0  0  0  0  0  0  0  0  0  0 50  0  0  0  0  0]
 [ 0  0  0  1  0  0  0  0  0  0  0  0  0  0  1  0 46  2  0  0  0]
 [ 0  0  0  0  0  0  0  0  0  0  0  0  0  0  0  0  0 50  0  0  0]
 [ 0  0  0  0  0  0  0  0  0  0  0  0  1  0  0  0  0  0 49  0  0]
 [ 0  0  0  0  0  0  0  0  0  0  0  1  0  0  0  0  0  0  1 48  0]
 [ 0  0  0  0  0  0  0  0  0  0  0  0  0  0  0  0  0  0  0  1 49]]
96.76190476190476
7
[[50  0  0  0  0  0  0  0  0  0  0  0  0  0  0  0  0  0  0  0  0]
 [ 0 50  0  0  0  0  0  0  0  0  0  0  0  0  0  0  0  0  0  0  0]
 [ 0  0 48  0  0  0  0  0  0  1  0  0  0  0  0  0  0  0  1  0  0]
 [ 0  0  0 50  0  0  0  0  0  0  0  0  0  0  0  0  0  0  0  0  0]
 [ 0  0  0  0 43  0  3  0  0  0  0  0  2  0  0  0  0  0  0  2  0]
 [ 0  0  0  0  0 50  0  0  0  0  0  0  0  0  0  0  0  0  0  0  0]
 [ 0  0  0  0  2  0 43  0  0  0  0  1  3  1  0  0  0  0  0  0  0]
 [ 0  0  0  0  0  0  0 50  0  0  0  0  0  0  0  0  0  0  0  0  0]
 [ 0  0  0  0  0  0  0  0 50  0  0  0  0  0  0  0  0  0  0  0  0]
 [ 0  0  0  0  0  0  0  0  0 49  0  0  0  0  0  0  0  0  1  0  0]
 [ 0  0  0  0  0  0  0  0  0  0 50  0  0  0  0  0  0  0  0  0  0]
 [ 0  0  0  0  0  0  0  0  0  0  0 49  0  0  1  0  0  0  0  0  0]
 [ 0  0  0  0  0  0  2  0  0  0  0  0 47  0  0  0  0  0  1  0  0]
 [ 0  0  0  0  0  0  0  0  0  0  0  0  0 50  0  0  0  0  0  0  0]
 [ 0  0  0  0  0  0  0  0  1  0  0  0  0  0 49  0  0  0  0  0  0]
 [ 0  0  0  0  0  0  0  0  0  0  0  0  0  0  0 50  0  0  0  0  0]
 [ 0  0  0  1  0  0  0  0  0  0  0  0  0  0  1  0 46  2  0  0  0]
 [ 0  0  0  0  0  0  0  0  0  0  0  0  0  0  0  0  0 50  0  0  0]
 [ 0  0  0  0  0  0  0  0  0  0  0  0  1  0  0  0  0  0 49  0  0]
 [ 0  0  0  0  0  0  0  0  0  0  0  1  0  0  0  0  0  0  1 48  0]
 [ 0  0  0  0  0  0  0  0  0  0  0  0  0  0  0  0  0  0  0  0 50]]
97.23809523809524
8
[[50  0  0  0  0  0  0  0  0  0  0  0  0  0  0  0  0  0  0  0  0]
 [ 0 50  0  0  0  0  0  0  0  0  0  0  0  0  0  0  0  0  0  0  0]
 [ 0  0 48  0  0  0  0  0  0  1  0  0  0  0  0  0  0  0  1  0  0]
 [ 0  0  0 50  0  0  0  0  0  0  0  0  0  0  0  0  0  0  0  0  0]
 [ 0  0  0  0 43  0  3  0  0  0  0  0  2  0  0  0  0  0  0  2  0]
 [ 0  0  0  0  0 50  0  0  0  0  0  0  0  0  0  0  0  0  0  0  0]
 [ 0  0  0  0  2  0 44  0  0  0  0  1  2  1  0  0  0  0  0  0  0]
 [ 0  0  0  0  0  0  0 50  0  0  0  0  0  0  0  0  0  0  0  0  0]
 [ 0  0  0  0  0  0  0  0 50  0  0  0  0  0  0  0  0  0  0  0  0]
 [ 0  0  0  0  0  0  0  0  0 49  0  0  0  0  0  0  0  0  1  0  0]
 [ 0  0  0  0  0  0  0  0  0  0 50  0  0  0  0  0  0  0  0  0  0]
 [ 0  0  0  0  0  0  0  0  0  0  0 49  0  0  1  0  0  0  0  0  0]
 [ 0  0  0  0  0  0  3  0  0  0  0  0 45  2  0  0  0  0  0  0  0]
 [ 0  0  0  0  0  0  0  0  0  0  0  0  0 50  0  0  0  0  0  0  0]
 [ 0  0  0  0  0  0  0  0  1  0  0  0  0  0 49  0  0  0  0  0  0]
 [ 0  0  0  0  0  0  0  0  0  0  0  0  0  0  0 50  0  0  0  0  0]
 [ 0  0  0  1  0  0  0  0  0  0  0  0  0  0  1  0 46  2  0  0  0]
 [ 0  0  0  0  0  0  0  0  0  0  0  0  0  0  0  0  0 50  0  0  0]
 [ 0  0  0  0  0  0  0  0  0  0  0  0  1  0  0  0  0  0 49  0  0]
 [ 0  0  0  0  0  0  0  0  0  0  0  1  0  0  0  0  0  0  0 49  0]
 [ 0  0  0  0  0  0  0  0  0  0  0  0  0  0  0  0  0  0  0  0 50]]
97.23809523809524
9
[[50  0  0  0  0  0  0  0  0  0  0  0  0  0  0  0  0  0  0  0  0]
 [ 0 50  0  0  0  0  0  0  0  0  0  0  0  0  0  0  0  0  0  0  0]
 [ 0  0 48  0  0  0  0  0  0  1  0  0  0  0  0  0  0  0  1  0  0]
 [ 0  0  0 50  0  0  0  0  0  0  0  0  0  0  0  0  0  0  0  0  0]
 [ 0  0  0  0 43  0  3  0  0  0  0  0  2  0  0  0  0  0  0  2  0]
 [ 0  0  0  0  0 50  0  0  0  0  0  0  0  0  0  0  0  0  0  0  0]
 [ 0  0  0  0  2  0 43  0  0  0  0  1  3  1  0  0  0  0  0  0  0]
 [ 0  0  0  0  0  0  0 50  0  0  0  0  0  0  0  0  0  0  0  0  0]
 [ 0  0  0  0  0  0  0  0 50  0  0  0  0  0  0  0  0  0  0  0  0]
 [ 0  0  0  0  0  0  0  0  0 50  0  0  0  0  0  0  0  0  0  0  0]
 [ 0  0  0  0  0  0  0  0  0  0 50  0  0  0  0  0  0  0  0  0  0]
 [ 0  0  0  0  0  0  0  0  0  0  0 49  0  0  1  0  0  0  0  0  0]
 [ 0  0  0  0  0  0  1  0  0  0  0  0 49  0  0  0  0  0  0  0  0]
 [ 0  0  0  0  0  0  0  0  0  0  0  0  0 50  0  0  0  0  0  0  0]
 [ 0  0  0  0  0  0  0  0  1  0  0  0  0  0 49  0  0  0  0  0  0]
 [ 0  0  0  0  0  0  0  0  0  0  0  0  0  0  0 50  0  0  0  0  0]
 [ 0  0  0  1  0  0  0  0  0  0  0  0  0  0  1  0 46  2  0  0  0]
 [ 0  0  0  0  0  0  0  0  0  0  0  0  0  0  0  0  0 50  0  0  0]
 [ 0  0  0  0  0  0  0  0  0  0  0  0  1  0  0  0  0  0 49  0  0]
 [ 0  0  0  0  0  0  0  0  0  0  0  1  0  0  0  0  0  0  0 49  0]
 [ 0  0  0  0  0  0  0  0  0  0  0  0  0  0  0  0  0  0  0  0 50]]
97.61904761904762
10
[[50  0  0  0  0  0  0  0  0  0  0  0  0  0  0  0  0  0  0  0  0]
 [ 0 50  0  0  0  0  0  0  0  0  0  0  0  0  0  0  0  0  0  0  0]
 [ 0  0 48  0  0  0  0  0  0  1  0  0  0  0  0  0  0  0  1  0  0]
 [ 0  0  0 50  0  0  0  0  0  0  0  0  0  0  0  0  0  0  0  0  0]
 [ 0  0  0  0 43  0  3  0  0  0  0  0  2  0  0  0  0  0  0  2  0]
 [ 0  0  0  0  0 50  0  0  0  0  0  0  0  0  0  0  0  0  0  0  0]
 [ 0  0  0  0  2  0 43  0  0  0  0  1  3  1  0  0  0  0  0  0  0]
 [ 0  0  0  0  0  0  0 50  0  0  0  0  0  0  0  0  0  0  0  0  0]
 [ 0  0  0  0  0  0  0  0 50  0  0  0  0  0  0  0  0  0  0  0  0]
 [ 0  0  0  0  0  0  0  0  0 50  0  0  0  0  0  0  0  0  0  0  0]
 [ 0  0  0  0  0  0  0  0  0  0 50  0  0  0  0  0  0  0  0  0  0]
 [ 0  0  0  0  0  0  0  0  0  0  0 49  0  0  1  0  0  0  0  0  0]
 [ 0  0  0  0  0  0  2  0  0  0  0  0 48  0  0  0  0  0  0  0  0]
 [ 0  0  0  0  0  0  0  0  0  0  0  0  0 50  0  0  0  0  0  0  0]
 [ 0  0  0  0  0  0  0  0  1  0  0  0  0  0 49  0  0  0  0  0  0]
 [ 0  0  0  0  0  0  0  0  0  0  0  0  0  0  0 50  0  0  0  0  0]
 [ 0  0  0  1  0  0  0  0  0  0  0  0  0  0  1  0 47  1  0  0  0]
 [ 0  0  0  0  0  0  0  0  0  0  0  0  0  0  0  0  0 50  0  0  0]
 [ 0  0  0  0  0  0  0  0  0  0  0  0  1  0  0  0  0  0 49  0  0]
 [ 0  0  0  0  0  0  0  0  0  0  0  1  0  0  0  0  0  0  0 49  0]
 [ 0  0  0  0  0  0  0  0  0  0  0  0  0  0  0  0  0  0  0  0 50]]
97.61904761904762
11
[[50  0  0  0  0  0  0  0  0  0  0  0  0  0  0  0  0  0  0  0  0]
 [ 0 50  0  0  0  0  0  0  0  0  0  0  0  0  0  0  0  0  0  0  0]
 [ 0  0 48  0  0  0  0  0  0  1  0  0  0  0  0  0  0  0  1  0  0]
 [ 0  0  0 50  0  0  0  0  0  0  0  0  0  0  0  0  0  0  0  0  0]
 [ 0  0  0  0 43  0  3  0  0  0  0  0  2  0  0  0  0  0  0  2  0]
 [ 0  0  0  0  0 50  0  0  0  0  0  0  0  0  0  0  0  0  0  0  0]
 [ 0  0  0  0  2  0 43  0  0  0  0  1  3  1  0  0  0  0  0  0  0]
 [ 0  0  0  0  0  0  0 50  0  0  0  0  0  0  0  0  0  0  0  0  0]
 [ 0  0  0  0  0  0  0  0 50  0  0  0  0  0  0  0  0  0  0  0  0]
 [ 0  0  0  0  0  0  0  0  0 50  0  0  0  0  0  0  0  0  0  0  0]
 [ 0  0  0  0  0  0  0  0  0  0 50  0  0  0  0  0  0  0  0  0  0]
 [ 0  0  0  0  0  0  0  0  0  0  0 49  0  0  1  0  0  0  0  0  0]
 [ 0  0  0  0  0  0  2  0  0  0  0  0 47  0  0  0  0  0  1  0  0]
 [ 0  0  0  0  0  0  0  0  0  0  0  0  0 50  0  0  0  0  0  0  0]
 [ 0  0  0  0  0  0  0  0  1  0  0  0  0  0 49  0  0  0  0  0  0]
 [ 0  0  0  0  0  0  0  0  0  0  0  0  0  0  0 50  0  0  0  0  0]
 [ 0  0  0  1  0  0  0  0  0  0  0  0  0  0  1  0 47  1  0  0  0]
 [ 0  0  0  0  0  0  0  0  0  0  0  0  0  0  0  0  0 50  0  0  0]
 [ 0  0  0  0  0  0  0  0  0  0  0  0  1  0  0  0  0  0 49  0  0]
 [ 0  0  0  0  0  0  0  0  0  0  0  1  0  0  0  0  0  0  0 49  0]
 [ 0  0  0  0  0  0  0  0  0  0  0  0  0  0  0  0  0  0  0  0 50]]
97.52380952380952
12
[[50  0  0  0  0  0  0  0  0  0  0  0  0  0  0  0  0  0  0  0  0]
 [ 0 50  0  0  0  0  0  0  0  0  0  0  0  0  0  0  0  0  0  0  0]
 [ 0  0 48  0  0  0  0  0  0  1  0  0  0  0  0  0  0  0  1  0  0]
 [ 0  0  0 50  0  0  0  0  0  0  0  0  0  0  0  0  0  0  0  0  0]
 [ 0  0  0  0 43  0  3  0  0  0  0  0  2  0  0  0  0  0  0  2  0]
 [ 0  0  0  0  0 50  0  0  0  0  0  0  0  0  0  0  0  0  0  0  0]
 [ 0  0  0  0  2  0 43  0  0  0  0  1  3  1  0  0  0  0  0  0  0]
 [ 0  0  0  0  0  0  0 50  0  0  0  0  0  0  0  0  0  0  0  0  0]
 [ 0  0  0  0  0  0  0  0 50  0  0  0  0  0  0  0  0  0  0  0  0]
 [ 0  0  0  0  0  0  0  0  0 50  0  0  0  0  0  0  0  0  0  0  0]
 [ 0  0  0  0  0  0  0  0  0  0 50  0  0  0  0  0  0  0  0  0  0]
 [ 0  0  0  0  0  0  0  0  0  0  0 49  0  0  1  0  0  0  0  0  0]
 [ 0  0  0  0  0  0  2  0  0  0  0  0 47  0  0  0  0  0  1  0  0]
 [ 0  0  0  0  0  0  0  0  0  0  0  0  0 50  0  0  0  0  0  0  0]
 [ 0  0  0  0  0  0  0  0  1  0  0  0  0  0 49  0  0  0  0  0  0]
 [ 0  0  0  0  0  0  0  0  0  0  0  0  0  0  0 50  0  0  0  0  0]
 [ 0  0  0  1  0  0  0  0  0  0  0  0  0  0  1  0 47  1  0  0  0]
 [ 0  0  0  0  0  0  0  0  0  0  0  0  0  0  0  0  0 50  0  0  0]
 [ 0  0  0  0  0  0  0  0  0  0  0  0  1  0  0  0  0  0 49  0  0]
 [ 0  0  0  0  0  0  0  0  0  0  0  1  0  0  0  0  0  0  0 49  0]
 [ 0  0  0  0  0  0  0  0  0  0  0  0  0  0  0  0  0  0  0  0 50]]
97.52380952380952
13
[[50  0  0  0  0  0  0  0  0  0  0  0  0  0  0  0  0  0  0  0  0]
 [ 0 50  0  0  0  0  0  0  0  0  0  0  0  0  0  0  0  0  0  0  0]
 [ 0  0 48  0  0  0  0  0  0  1  0  0  0  0  0  0  0  0  1  0  0]
 [ 0  0  0 50  0  0  0  0  0  0  0  0  0  0  0  0  0  0  0  0  0]
 [ 0  0  0  0 43  0  3  0  0  0  0  0  2  0  0  0  0  0  0  2  0]
 [ 0  0  0  0  0 50  0  0  0  0  0  0  0  0  0  0  0  0  0  0  0]
 [ 0  0  0  0  2  0 43  0  0  0  0  1  3  1  0  0  0  0  0  0  0]
 [ 0  0  0  0  0  0  0 50  0  0  0  0  0  0  0  0  0  0  0  0  0]
 [ 0  0  0  0  0  0  0  0 50  0  0  0  0  0  0  0  0  0  0  0  0]
 [ 0  0  0  0  0  0  0  0  0 50  0  0  0  0  0  0  0  0  0  0  0]
 [ 0  0  0  0  0  0  0  0  0  0 50  0  0  0  0  0  0  0  0  0  0]
 [ 0  0  0  0  0  0  0  0  0  0  0 49  0  0  1  0  0  0  0  0  0]
 [ 0  0  0  0  0  0  2  0  0  0  0  0 47  0  0  0  0  0  1  0  0]
 [ 0  0  0  0  0  0  0  0  0  0  0  0  0 50  0  0  0  0  0  0  0]
 [ 0  0  0  0  0  0  0  0  1  0  0  0  0  0 49  0  0  0  0  0  0]
 [ 0  0  0  0  0  0  0  0  0  0  0  0  0  0  0 50  0  0  0  0  0]
 [ 0  0  0  1  0  0  0  0  0  0  0  0  0  0  1  0 47  1  0  0  0]
 [ 0  0  0  0  0  0  0  0  0  0  0  0  0  0  0  0  0 50  0  0  0]
 [ 0  0  0  0  0  0  0  0  0  0  0  0  1  0  0  0  0  0 49  0  0]
 [ 0  0  0  0  0  0  0  0  0  0  0  1  0  0  0  0  0  0  0 49  0]
 [ 0  0  0  0  0  0  0  0  0  0  0  0  0  0  0  0  0  0  0  0 50]]
97.52380952380952
14
[[50  0  0  0  0  0  0  0  0  0  0  0  0  0  0  0  0  0  0  0  0]
 [ 0 50  0  0  0  0  0  0  0  0  0  0  0  0  0  0  0  0  0  0  0]
 [ 0  0 48  0  0  0  0  0  0  1  0  0  0  0  0  0  0  0  1  0  0]
 [ 0  0  0 50  0  0  0  0  0  0  0  0  0  0  0  0  0  0  0  0  0]
 [ 0  0  0  0 43  0  3  0  0  0  0  0  2  0  0  0  0  0  0  2  0]
 [ 0  0  0  0  0 50  0  0  0  0  0  0  0  0  0  0  0  0  0  0  0]
 [ 0  0  0  0  2  0 43  0  0  0  0  1  3  1  0  0  0  0  0  0  0]
 [ 0  0  0  0  0  0  0 50  0  0  0  0  0  0  0  0  0  0  0  0  0]
 [ 0  0  0  0  0  0  0  0 50  0  0  0  0  0  0  0  0  0  0  0  0]
 [ 0  0  0  0  0  0  0  0  0 50  0  0  0  0  0  0  0  0  0  0  0]
 [ 0  0  0  0  0  0  0  0  0  0 50  0  0  0  0  0  0  0  0  0  0]
 [ 0  0  0  0  0  0  0  0  0  0  0 49  0  0  1  0  0  0  0  0  0]
 [ 0  0  0  0  0  0  2  0  0  0  0  0 47  0  0  0  0  0  1  0  0]
 [ 0  0  0  0  0  0  0  0  0  0  0  0  0 50  0  0  0  0  0  0  0]
 [ 0  0  0  0  0  0  0  0  1  0  0  0  0  0 49  0  0  0  0  0  0]
 [ 0  0  0  0  0  0  0  0  0  0  0  0  0  0  0 50  0  0  0  0  0]
 [ 0  0  0  1  0  0  0  0  0  0  0  0  0  0  1  0 47  1  0  0  0]
 [ 0  0  0  0  0  0  0  0  0  0  0  0  0  0  0  0  0 50  0  0  0]
 [ 0  0  0  0  0  0  0  0  0  0  0  0  1  0  0  0  0  0 49  0  0]
 [ 0  0  0  0  0  0  0  0  0  0  0  1  0  0  0  0  0  0  0 49  0]
 [ 0  0  0  0  0  0  0  0  0  0  0  0  0  0  0  0  0  0  0  0 50]]
97.52380952380952
15
[[50  0  0  0  0  0  0  0  0  0  0  0  0  0  0  0  0  0  0  0  0]
 [ 0 50  0  0  0  0  0  0  0  0  0  0  0  0  0  0  0  0  0  0  0]
 [ 0  0 48  0  0  0  0  0  0  1  0  0  0  0  0  0  0  0  1  0  0]
 [ 0  0  0 50  0  0  0  0  0  0  0  0  0  0  0  0  0  0  0  0  0]
 [ 0  0  0  0 43  0  3  0  0  0  0  0  2  0  0  0  0  0  0  2  0]
 [ 0  0  0  0  0 50  0  0  0  0  0  0  0  0  0  0  0  0  0  0  0]
 [ 0  0  0  0  2  0 43  0  0  0  0  1  3  1  0  0  0  0  0  0  0]
 [ 0  0  0  0  0  0  0 50  0  0  0  0  0  0  0  0  0  0  0  0  0]
 [ 0  0  0  0  0  0  0  0 50  0  0  0  0  0  0  0  0  0  0  0  0]
 [ 0  0  0  0  0  0  0  0  0 50  0  0  0  0  0  0  0  0  0  0  0]
 [ 0  0  0  0  0  0  0  0  0  0 50  0  0  0  0  0  0  0  0  0  0]
 [ 0  0  0  0  0  0  0  0  0  0  0 49  0  0  1  0  0  0  0  0  0]
 [ 0  0  0  0  0  0  2  0  0  0  0  0 47  0  0  0  0  0  1  0  0]
 [ 0  0  0  0  0  0  0  0  0  0  0  0  0 50  0  0  0  0  0  0  0]
 [ 0  0  0  0  0  0  0  0  1  0  0  0  0  0 49  0  0  0  0  0  0]
 [ 0  0  0  0  0  0  0  0  0  0  0  0  0  0  0 50  0  0  0  0  0]
 [ 0  0  0  1  0  0  0  0  0  0  0  0  0  0  1  0 47  1  0  0  0]
 [ 0  0  0  0  0  0  0  0  0  0  0  0  0  0  0  0  0 50  0  0  0]
 [ 0  0  0  0  0  0  0  0  0  0  0  0  1  0  0  0  0  0 49  0  0]
 [ 0  0  0  0  0  0  0  0  0  0  0  1  0  0  0  0  0  0  0 49  0]
 [ 0  0  0  0  0  0  0  0  0  0  0  0  0  0  0  0  0  0  0  0 50]]
97.52380952380952
16
[[50  0  0  0  0  0  0  0  0  0  0  0  0  0  0  0  0  0  0  0  0]
 [ 0 50  0  0  0  0  0  0  0  0  0  0  0  0  0  0  0  0  0  0  0]
 [ 0  0 48  0  0  0  0  0  0  1  0  0  0  0  0  0  0  0  1  0  0]
 [ 0  0  0 50  0  0  0  0  0  0  0  0  0  0  0  0  0  0  0  0  0]
 [ 0  0  0  0 43  0  3  0  0  0  0  0  2  0  0  0  0  0  0  2  0]
 [ 0  0  0  0  0 50  0  0  0  0  0  0  0  0  0  0  0  0  0  0  0]
 [ 0  0  0  0  2  0 43  0  0  0  0  1  3  1  0  0  0  0  0  0  0]
 [ 0  0  0  0  0  0  0 50  0  0  0  0  0  0  0  0  0  0  0  0  0]
 [ 0  0  0  0  0  0  0  0 50  0  0  0  0  0  0  0  0  0  0  0  0]
 [ 0  0  0  0  0  0  0  0  0 50  0  0  0  0  0  0  0  0  0  0  0]
 [ 0  0  0  0  0  0  0  0  0  0 50  0  0  0  0  0  0  0  0  0  0]
 [ 0  0  0  0  0  0  0  0  0  0  0 49  0  0  1  0  0  0  0  0  0]
 [ 0  0  0  0  0  0  2  0  0  0  0  0 47  0  0  0  0  0  1  0  0]
 [ 0  0  0  0  0  0  0  0  0  0  0  0  0 50  0  0  0  0  0  0  0]
 [ 0  0  0  0  0  0  0  0  1  0  0  0  0  0 49  0  0  0  0  0  0]
 [ 0  0  0  0  0  0  0  0  0  0  0  0  0  0  0 50  0  0  0  0  0]
 [ 0  0  0  1  0  0  0  0  0  0  0  0  0  0  1  0 47  1  0  0  0]
 [ 0  0  0  0  0  0  0  0  0  0  0  0  0  0  0  0  0 50  0  0  0]
 [ 0  0  0  0  0  0  0  0  0  0  0  0  1  0  0  0  0  0 49  0  0]
 [ 0  0  0  0  0  0  0  0  0  0  0  1  0  0  0  0  0  0  0 49  0]
 [ 0  0  0  0  0  0  0  0  0  0  0  0  0  0  0  0  0  0  0  0 50]]
97.52380952380952
17
[[50  0  0  0  0  0  0  0  0  0  0  0  0  0  0  0  0  0  0  0  0]
 [ 0 50  0  0  0  0  0  0  0  0  0  0  0  0  0  0  0  0  0  0  0]
 [ 0  0 48  0  0  0  0  0  0  1  0  0  0  0  0  0  0  0  1  0  0]
 [ 0  0  0 50  0  0  0  0  0  0  0  0  0  0  0  0  0  0  0  0  0]
 [ 0  0  0  0 43  0  3  0  0  0  0  0  2  0  0  0  0  0  0  2  0]
 [ 0  0  0  0  0 50  0  0  0  0  0  0  0  0  0  0  0  0  0  0  0]
 [ 0  0  0  0  2  0 43  0  0  0  0  1  3  1  0  0  0  0  0  0  0]
 [ 0  0  0  0  0  0  0 50  0  0  0  0  0  0  0  0  0  0  0  0  0]
 [ 0  0  0  0  0  0  0  0 50  0  0  0  0  0  0  0  0  0  0  0  0]
 [ 0  0  0  0  0  0  0  0  0 50  0  0  0  0  0  0  0  0  0  0  0]
 [ 0  0  0  0  0  0  0  0  0  0 50  0  0  0  0  0  0  0  0  0  0]
 [ 0  0  0  0  0  0  0  0  0  0  0 49  0  0  1  0  0  0  0  0  0]
 [ 0  0  0  0  0  0  2  0  0  0  0  0 47  0  0  0  0  0  1  0  0]
 [ 0  0  0  0  0  0  0  0  0  0  0  0  0 50  0  0  0  0  0  0  0]
 [ 0  0  0  0  0  0  0  0  1  0  0  0  0  0 49  0  0  0  0  0  0]
 [ 0  0  0  0  0  0  0  0  0  0  0  0  0  0  0 50  0  0  0  0  0]
 [ 0  0  0  1  0  0  0  0  0  0  0  0  0  0  1  0 47  1  0  0  0]
 [ 0  0  0  0  0  0  0  0  0  0  0  0  0  0  0  0  0 50  0  0  0]
 [ 0  0  0  0  0  0  0  0  0  0  0  0  1  0  0  0  0  0 49  0  0]
 [ 0  0  0  0  0  0  0  0  0  0  0  1  0  0  0  0  0  0  0 49  0]
 [ 0  0  0  0  0  0  0  0  0  0  0  0  0  0  0  0  0  0  0  0 50]]
97.52380952380952
18
[[50  0  0  0  0  0  0  0  0  0  0  0  0  0  0  0  0  0  0  0  0]
 [ 0 50  0  0  0  0  0  0  0  0  0  0  0  0  0  0  0  0  0  0  0]
 [ 0  0 48  0  0  0  0  0  0  1  0  0  0  0  0  0  0  0  1  0  0]
 [ 0  0  0 50  0  0  0  0  0  0  0  0  0  0  0  0  0  0  0  0  0]
 [ 0  0  0  0 43  0  3  0  0  0  0  0  2  0  0  0  0  0  0  2  0]
 [ 0  0  0  0  0 50  0  0  0  0  0  0  0  0  0  0  0  0  0  0  0]
 [ 0  0  0  0  2  0 43  0  0  0  0  1  3  1  0  0  0  0  0  0  0]
 [ 0  0  0  0  0  0  0 50  0  0  0  0  0  0  0  0  0  0  0  0  0]
 [ 0  0  0  0  0  0  0  0 50  0  0  0  0  0  0  0  0  0  0  0  0]
 [ 0  0  0  0  0  0  0  0  0 50  0  0  0  0  0  0  0  0  0  0  0]
 [ 0  0  0  0  0  0  0  0  0  0 50  0  0  0  0  0  0  0  0  0  0]
 [ 0  0  0  0  0  0  0  0  0  0  0 49  0  0  1  0  0  0  0  0  0]
 [ 0  0  0  0  0  0  2  0  0  0  0  0 47  0  0  0  0  0  1  0  0]
 [ 0  0  0  0  0  0  0  0  0  0  0  0  0 50  0  0  0  0  0  0  0]
 [ 0  0  0  0  0  0  0  0  1  0  0  0  0  0 49  0  0  0  0  0  0]
 [ 0  0  0  0  0  0  0  0  0  0  0  0  0  0  0 50  0  0  0  0  0]
 [ 0  0  0  1  0  0  0  0  0  0  0  0  0  0  1  0 47  1  0  0  0]
 [ 0  0  0  0  0  0  0  0  0  0  0  0  0  0  0  0  0 50  0  0  0]
 [ 0  0  0  0  0  0  0  0  0  0  0  0  1  0  0  0  0  0 49  0  0]
 [ 0  0  0  0  0  0  0  0  0  0  0  1  0  0  0  0  0  0  0 49  0]
 [ 0  0  0  0  0  0  0  0  0  0  0  0  0  0  0  0  0  0  0  0 50]]
97.52380952380952
19
[[0.   0.   0.   0.   0.   0.   0.   0.   0.   0.   0.   0.   0.   0.   0.   0.   0.   0.   0.   0.   1.  ]
 [0.   0.16 0.   0.   0.   0.   0.   0.   0.04 0.   0.32 0.02 0.02 0.   0.   0.02 0.   0.08 0.   0.06 0.28]
 [0.   0.   0.02 0.   0.   0.   0.   0.   0.   0.   0.06 0.18 0.02 0.   0.   0.02 0.   0.02 0.04 0.46 0.18]
 [0.   0.04 0.   0.   0.   0.   0.   0.   0.22 0.   0.   0.   0.   0.   0.   0.   0.   0.02 0.   0.   0.72]
 [0.   0.   0.02 0.   0.2  0.   0.   0.   0.   0.   0.   0.08 0.2  0.02 0.   0.06 0.   0.02 0.   0.18 0.22]
 [0.   0.   0.   0.   0.   0.26 0.   0.   0.   0.   0.   0.02 0.   0.   0.   0.02 0.   0.   0.   0.   0.7 ]
 [0.   0.   0.   0.   0.06 0.   0.   0.   0.   0.   0.   0.1  0.3  0.   0.   0.14 0.   0.08 0.   0.1  0.22]
 [0.   0.02 0.   0.   0.   0.   0.   0.   0.   0.   0.   0.02 0.   0.   0.   0.   0.08 0.   0.   0.   0.88]
 [0.   0.   0.   0.   0.04 0.   0.   0.   0.12 0.   0.   0.14 0.   0.   0.02 0.02 0.   0.2  0.   0.02 0.44]
 [0.   0.   0.   0.   0.   0.   0.   0.   0.06 0.   0.   0.44 0.   0.   0.   0.   0.   0.   0.02 0.12 0.36]
 [0.   0.   0.   0.   0.   0.   0.   0.   0.   0.   0.56 0.   0.   0.   0.   0.   0.   0.   0.   0.18 0.26]
 [0.   0.   0.02 0.   0.06 0.   0.   0.   0.   0.   0.02 0.42 0.02 0.   0.   0.26 0.   0.02 0.   0.   0.18]
 [0.   0.   0.   0.   0.   0.   0.   0.   0.   0.   0.02 0.1  0.38 0.   0.   0.04 0.   0.   0.   0.02 0.44]
 [0.   0.   0.   0.   0.06 0.   0.   0.   0.   0.   0.06 0.04 0.28 0.02 0.   0.28 0.   0.   0.   0.06 0.2 ]
 [0.   0.02 0.   0.   0.   0.   0.   0.   0.08 0.   0.   0.16 0.   0.   0.08 0.2  0.   0.04 0.   0.1  0.32]
 [0.   0.   0.   0.   0.06 0.   0.   0.   0.   0.   0.04 0.   0.   0.   0.   0.86 0.   0.   0.   0.02 0.02]
 [0.   0.   0.   0.   0.   0.   0.   0.   0.18 0.   0.   0.08 0.   0.   0.   0.   0.02 0.   0.   0.06 0.66]
 [0.   0.12 0.   0.   0.   0.   0.   0.   0.   0.   0.02 0.02 0.   0.   0.04 0.   0.   0.52 0.   0.06 0.22]
 [0.   0.   0.   0.   0.   0.   0.   0.   0.04 0.   0.06 0.26 0.04 0.   0.   0.06 0.   0.02 0.02 0.32 0.18]
 [0.   0.06 0.   0.   0.   0.   0.   0.   0.02 0.   0.04 0.06 0.   0.   0.   0.3  0.   0.   0.   0.44 0.08]
 [0.   0.   0.   0.   0.   0.   0.   0.   0.   0.   0.02 0.36 0.06 0.   0.   0.06 0.   0.   0.   0.08 0.42]]
21.428571428571427
0
